"GENDER" "AGE" "PT1" "LT1" "STEP1" "TT1" "RESULT1" "PT2" "LT2" "STEP2" "TT2" "RESULT2" "PT3" "LT3" "STEP3" "TT3" "RESULT3" "PT4" "LT4" "STEP4" "TT4" "RESULT4" "PT5" "LT5" "STEP5" "TT5" "RESULT5" "PT6" "LT6" "STEP6" "TT6" "RESULT6" "PT7" "LT7" "STEP7" "TT7" "RESULT7" "PT8" "LT8" "STEP8" "TT8" "RESULT8" "PT9" "LT9" "STEP9" "TT9" "RESULT9" "PT10" "LT10" "STEP10" "TT10" "RESULT10"
"1" 0 20.917 114188 118938 46 154469 1 62984 69062 17 74765 1 121890 129906 20 138797 1 31672 33812 27 46515 1 40172 94703 12 189390 0 67703 87609 23 95515 1 90109 93547 29 102422 1 51921 53828 39 73046 1 40796 42359 44 64906 1 54219 58344 46 107266 1
"2" 1 21 20531 23500 48 42265 1 14328 14922 17 18875 1 13875 15578 22 22938 1 9297 10406 29 19766 1 18234 26406 42 34641 1 25343 27000 23 32312 1 21406 34781 45 47312 1 33109 34297 39 46625 1 6016 53656 44 72406 1 26766 31172 48 46969 1
"3" 0 20.833 2032 29828 52 52828 1 38375 40766 17 45188 1 6031 7531 26 17297 1 11719 12782 27 20516 1 5969 10234 26 28422 0 1562 36812 32 73781 0 15265 17687 29 25750 1 9359 10438 39 28391 1 72593 74922 44 96031 1 5532 7266 48 25594 1
"4" 1 20.42 159438 161281 45 196781 1 36766 37719 17 42188 1 54219 55984 20 64594 1 29328 30469 27 40922 1 15812 21094 42 29328 1 49734 51953 23 58516 1 33516 37984 36 47797 1 19750 21313 39 34281 1 67843 73093 46 93359 1 35125 36891 46 54422 1
"5" 0 20.917 12172 19390 46 38547 1 19188 25156 17 29813 1 14094 20016 22 27734 1 25016 30766 27 42157 1 40422 46735 42 57266 1 25984 28406 27 40437 1 31125 35375 29 48750 1 28859 31062 39 46468 1 27046 28671 44 53484 1 20938 22766 46 65875 1
"6" 1 22.42 7734 8594 46 27594 1 15406 16016 17 18938 1 10234 11141 20 15031 1 9375 10000 27 16125 1 7265 10906 42 17422 1 39203 40563 25 44985 1 14641 17438 49 28016 1 6578 7547 39 16953 1 15359 16406 46 29250 1 14859 16156 47 28484 1
"7" 0 19.917 37625 44859 46 84234 1 27750 28672 17 36359 1 98187 100828 20 110375 1 21281 24266 27 44485 1 49875 65609 44 82625 1 49937 52031 20 86921 0 123672 129110 29 145844 1 7328 21219 9 43094 0 32953 42015 44 84937 1 124640 128047 46 171312 1
"8" 1 21.08 14156 16140 45 41984 1 16688 22203 17 25360 1 15093 16765 20 22765 1 7484 12422 27 20187 1 75110 83219 42 92500 1 18406 23265 23 29812 1 24500 35656 49 67219 1 13985 32047 33 54672 1 11766 17344 44 39172 1 39546 51406 46 64421 1
"9" 1 20.917 20969 24125 46 38203 1 16500 17235 17 22500 1 10219 11750 22 16406 1 9781 10500 29 18484 1 20516 24891 42 31469 1 21172 23203 23 27140 1 17359 21328 36 32937 1 11328 14171 39 24328 1 22719 23484 44 40234 1 32921 34218 46 46562 1
"10" 0 20.333 3125 8453 52 61562 1 3734 18140 27 22390 1 4375 28422 24 34547 1 2953 19875 18 37297 0 3344 20063 46 30485 1 3312 18484 23 23656 1 2688 14047 11 20000 0 2219 17141 39 26938 1 2797 10125 46 27219 1 2156 14937 56 44500 1
"11" 0 21.167 7859 9250 52 33641 1 63657 65610 19 70438 1 56625 58031 20 64547 1 8875 14031 29 28594 1 3891 13891 42 21438 1 14687 19016 23 24984 1 26500 28265 29 51922 0 15421 27625 39 37859 1 5047 6344 46 25531 1 13109 18828 17 53484 0
"12" 0 20.833 16422 17907 46 44016 1 13875 20078 17 25000 1 19922 21704 22 31704 1 20969 22375 27 33610 1 20297 26016 44 36297 1 13360 17360 23 27000 1 16985 22985 47 37625 1 10422 11812 39 25593 1 38110 39297 46 59047 1 70656 74843 47 98015 1
"13" 0 21.5 7375 8594 50 44266 1 92109 92859 17 97344 1 7015 7406 15 27078 0 28531 39594 31 50562 1 13313 20656 42 32391 1 8282 9141 18 26235 0 11813 17469 36 28719 1 69140 71500 39 87546 1 15797 17016 50 39422 1 30032 31719 46 54360 1
"14" 0 21.167 15719 19547 46 54984 1 9843 18687 17 26578 1 22219 24516 22 39047 1 44312 70468 44 126718 0 63735 216641 42 234297 1 41485 44594 25 81407 0 33109 40438 9 53359 0 6657 10047 28 37344 0 14704 17750 50 76235 1 23375 66125 18 115203 0
"15" 0 20.42 10359 11734 45 33781 1 19218 20297 17 28828 1 8922 11313 22 19063 1 22937 23953 27 38390 1 14250 27390 42 37328 1 55984 67421 35 85562 1 8235 10204 59 42735 1 5891 8250 39 70469 0 11297 16922 70 59735 1 14875 15734 22 38906 0
"16" 0 20.667 18438 19954 45 71266 1 96234 98031 17 105406 1 33953 35453 20 54187 1 17610 19375 29 37781 1 20734 50281 10 73609 0 176516 179656 23 191891 1 64063 69907 45 101188 1 17047 21563 45 76766 0 29031 30422 48 93766 1 40516 41657 14 107454 0
"17" 0 20.6668 32188 35250 46 67485 1 14188 15063 17 20110 1 22234 25812 20 32047 1 6610 20578 27 29563 1 19093 25703 42 36468 1 12938 28297 31 42094 1 21734 47265 50 71000 1 6437 23109 39 35750 1 8329 9422 46 26000 1 11984 14187 46 32515 1
"18" 0 20.917 17640 18890 48 37875 1 14093 16281 17 21156 1 7985 9703 14 25985 0 24672 34531 35 43578 1 6594 15922 42 24438 1 15485 21063 6 54860 0 9594 13078 36 23063 1 8828 10141 39 21313 1 30031 38063 46 52234 1 12656 14734 48 30047 1
"19" 0 20.667 56391 58531 46 89281 1 39828 42281 17 48015 1 22500 23859 22 32453 1 29719 31281 27 45469 1 50250 62532 42 78797 1 30594 33141 23 42766 1 68094 74578 49 126609 1 53515 55375 39 107281 1 93859 101406 44 132000 1 48078 51203 46 118922 1
"20" 1 21.333 6375 7297 52 22282 1 13547 14265 17 18109 1 6484 32687 22 37344 1 5516 6078 27 11969 1 5281 9593 42 19281 1 5828 8219 25 12875 1 8828 13156 38 20921 1 6797 10235 39 20391 1 3438 9860 80 48110 1 6922 16094 50 33579 1
"21" 0 20.08 14516 16360 58 40469 1 108063 108906 19 114828 1 22813 24360 22 31532 1 18328 19656 27 29125 1 94625 100329 44 110063 1 21328 25875 23 32516 1 20813 75672 57 89328 1 9937 11125 17 43343 0 16719 18094 46 37469 1 28671 30515 46 51015 1
"22" 1 22.583 5704 8094 48 25141 1 22828 23843 17 28625 1 10000 11563 20 18000 1 11032 12000 29 21297 1 5735 13829 44 23922 1 5844 8829 25 16672 1 22313 26031 36 38094 1 7984 9563 43 27625 1 10562 11718 48 28250 1 9172 10813 46 26485 1
"23" 1 22 1891 3313 45 20360 1 10172 11235 23 19703 1 3047 6078 20 13219 1 5828 8859 27 18312 1 1062 10531 44 20578 1 8937 10515 23 17297 1 9750 16437 38 30406 1 2218 3671 39 18218 1 6891 8406 8 23422 0 3969 6657 46 23407 1
"24" 1 20.5 34781 40515 46 54875 1 15281 17610 17 21031 1 6437 9437 22 15281 1 14016 16312 29 23406 1 2953 7906 42 14609 1 5282 11157 23 15875 1 10828 15734 38 24765 1 14672 19969 39 29250 1 24140 27546 46 43718 1 6141 35813 50 49438 1
"25" 0 20.6668 18937 20156 52 34531 1 13547 14297 17 18359 1 4672 6985 22 15531 1 66109 128078 35 135218 1 6188 12844 56 29985 1 50703 89813 39 99969 1 4250 19343 69 33046 1 3016 96360 43 113531 1 9156 15078 70 148719 1 11703 13797 46 34828 1
"26" 0 20.667 12938 14594 46 34922 1 19468 21531 17 27437 1 9016 10954 24 20782 1 11062 12547 33 27984 1 44188 50969 42 63859 1 20000 23562 23 32046 1 9875 15703 36 31344 1 7594 9328 39 25578 1 13172 15828 44 49469 1 14156 16296 46 35781 1
"27" 0 20.5 10844 13250 46 39860 1 43750 44672 17 52984 1 8313 10406 20 17953 1 6610 8907 27 18328 1 10172 18266 42 31016 1 20625 22906 23 30141 1 15954 22407 51 45985 1 9703 11969 39 28547 1 7563 125610 70 169563 1 49703 52313 46 75281 1
"28" 0 20.42 3953 5250 46 22125 1 5282 14313 19 20454 1 3110 6641 20 13094 1 7954 8985 29 18938 1 6203 13406 28 30437 0 5579 7297 23 14657 1 5500 8421 31 22984 1 9031 13125 43 29609 1 9094 10860 46 29094 1 12141 13641 48 33813 1
"29" 0 18.833 17610 45406 45 103985 1 32547 34859 17 42344 1 52781 54781 22 105984 1 50344 54672 27 70937 1 60922 69172 42 89922 1 44328 48031 23 61391 1 47734 52750 45 86781 1 25875 29906 41 75938 1 73218 74718 46 127625 1 55703 57875 46 103937 1
"30" 0 19.917 6000 7344 46 27141 1 14969 19297 17 22891 1 7094 8172 20 13672 1 16625 17766 27 27969 1 8078 15062 17 46703 0 10360 33063 23 39375 1 23968 30390 45 47656 1 6062 10312 39 33234 1 4156 13609 46 34812 1 8875 10219 46 24360 1
"31" 0 19.667 42250 45750 45 91375 1 1609 3937 49 84203 1 22844 23735 18 55469 0 14703 17891 29 33109 1 151344 159469 24 214032 0 4469 32188 23 40719 1 25015 51406 36 64812 1 19344 22125 39 43734 1 84391 86063 46 110781 1 36063 39266 11 72984 0
"32" 1 21.08 68454 71688 45 212594 1 68797 70359 17 78359 1 45016 46797 20 69141 1 16235 17719 27 31844 1 140344 155187 42 172187 1 104141 106594 23 116844 1 138609 144344 38 167172 1 61406 65500 41 147797 1 39094 40906 46 65141 1 85938 88375 48 213250 1
"33" 0 20.333 8797 9906 46 22266 1 7765 8625 17 12593 1 8953 11657 20 16688 1 6953 7890 27 14890 1 4969 11875 42 19891 1 1922 7531 23 12812 1 4610 21828 48 30953 1 3000 5875 39 24516 1 10859 12078 6 19609 0 4312 6922 48 23625 1
"34" 1 19.583 32391 35922 46 51047 1 20843 22343 17 26750 1 14407 16594 20 25157 1 26563 27844 27 36703 1 10797 19531 42 30344 1 11609 18828 25 34531 1 27703 33141 36 45532 1 17547 19906 39 39250 1 16140 17890 48 35312 1 42391 46032 47 68766 1
"35" 0 21.6668 17062 18656 46 37203 1 22266 23266 17 27016 1 56031 57500 22 68562 1 19484 20437 27 29891 1 23281 26031 14 84640 0 31937 33906 23 51297 1 39297 55453 36 66172 1 27672 29281 39 41313 1 41609 42890 31 78218 0 23609 25719 46 44390 1
"36" 0 21 11688 13750 46 35282 1 26312 27187 17 32671 1 31078 33141 20 96734 1 16312 17594 27 27984 1 29265 40187 42 54062 1 16219 20984 26 69688 0 66140 70906 29 82515 1 22500 25688 39 40985 1 45406 46562 44 71781 1 35485 37422 46 59156 1
"37" 0 19.667 4219 16766 45 41594 1 42562 47468 17 51406 1 20094 20485 5 66203 0 1906 13937 27 24781 1 11031 46547 42 58234 1 40344 46282 25 53188 1 42875 72031 42 97312 1 14954 16391 21 69282 0 54829 56329 48 79204 1 50296 52093 46 74656 1
"38" 0 19.917 13594 15328 46 31125 1 11157 12047 17 15969 1 7515 9062 20 13390 1 6500 7359 33 17187 1 6078 11094 42 20265 1 33328 34937 23 43281 1 10656 20547 46 28641 1 6219 7406 39 21422 1 48688 48985 46 63329 1 16687 18484 46 36156 1
"39" 0 20.917 5110 6406 46 25000 1 27860 28891 17 33032 1 16141 17594 20 23000 1 12265 13359 27 22375 1 25516 29891 14 64016 0 14297 16204 23 23094 1 20609 30719 49 46922 1 11329 12797 13 32297 0 9469 11110 46 38703 1 14187 16203 33 46984 0
"40" 0 21.6668 138734 141047 45 172125 1 79187 80562 17 88656 1 69235 72204 20 85266 1 129484 131203 29 154750 1 51984 58938 42 74359 1 167859 185219 23 197984 1 94313 99813 36 113922 1 65687 67578 39 90734 1 262922 262922 0 262922 0 69312 72468 46 116547 1
"41" 0 21.08 4859 6547 45 31797 1 10625 11625 17 15625 1 12250 15062 7 30969 0 15296 17765 27 25250 1 11062 15812 42 25468 1 35625 37390 23 45109 1 14313 18828 36 34344 1 8328 10812 39 30469 1 12437 13484 44 33922 1 18812 21391 46 43828 1
"42" 0 20.5 22859 23937 46 36187 1 27656 28515 17 32765 1 10031 11156 22 18453 1 14625 15515 29 25546 1 15688 20094 42 30329 1 46313 49359 23 60344 1 27422 35672 36 52016 1 25110 26282 39 35813 1 64235 65313 46 78094 1 11687 13078 46 30422 1
"43" 0 21.5 63500 65422 45 123782 1 83953 88703 17 96062 1 30500 32109 20 38984 1 93171 94640 29 118359 1 69344 77219 44 90266 1 33281 41562 23 60281 1 177328 182140 47 213531 1 222328 231391 33 304703 1 124531 125844 44 157156 1 57968 61562 47 85906 1
"44" 0 21.5 20719 23125 46 53328 1 39906 41328 17 47656 1 36438 41704 22 59938 1 16906 20891 29 36266 1 31516 38328 42 50531 1 58656 62156 23 72531 1 31140 33937 25 126406 0 128500 131625 39 154625 1 144062 145640 46 179250 1 122109 124531 46 160500 1
"45" 0 20.333 169734 171078 46 192531 1 11593 13218 17 17406 1 31063 33578 20 86828 1 36312 37266 27 51250 1 20891 26469 42 46547 1 12547 14500 29 38266 1 23500 48953 36 56140 1 39500 41031 39 78781 1 45562 46625 44 63734 1 173860 175250 46 200360 1
"46" 1 21.6668 31953 33281 52 49578 1 14422 15719 17 20031 1 7203 8500 22 13015 1 9484 10438 27 17750 1 11891 16110 42 22422 1 10843 12765 23 18281 1 56563 59547 36 67250 1 16266 17672 39 27594 1 20563 20797 46 41688 1 20672 22094 46 35110 1
"47" 0 20.08 8422 9672 50 29516 1 35734 36469 17 41016 1 38656 40046 22 45781 1 7172 8062 27 14109 1 40375 44687 42 51421 1 17484 19281 23 23828 1 34609 35797 9 42547 0 7156 9172 31 37672 0 9766 10578 50 34047 1 21813 23781 14 39719 0
"48" 0 20.833 11219 13437 46 34312 1 18547 24531 17 29859 1 23156 24531 20 36922 1 19250 21297 29 38500 1 24891 33156 42 43156 1 23485 25469 4 47594 0 131953 138891 36 149391 1 2609 12515 13 43187 0 19343 20500 46 45968 1 65844 67797 46 143204 1
"49" 0 20.667 19375 21625 46 47313 1 16859 18062 17 23718 1 14625 16187 20 23203 1 16063 17703 27 29610 1 16484 22906 42 34750 1 21531 24281 23 31969 1 21390 26812 36 42046 1 24609 26953 33 48500 1 11407 15797 44 65954 1 39938 42625 46 62969 1
"50" 0 21.333 12078 13437 48 34187 1 101562 102766 17 109672 1 14578 15546 25 41921 0 9266 10375 27 19328 1 17469 18953 35 40859 0 8406 10531 17 19859 0 10656 13578 36 23109 1 7250 8484 39 22797 1 7890 8875 9 18625 0 6859 8422 46 26500 1
"51" 1 20.333 17031 18359 52 37687 1 13938 14953 17 18578 1 28938 30063 20 34313 1 27765 28562 32 35484 1 8953 13312 42 19687 1 15610 18203 23 22750 1 16062 18078 29 27016 1 30890 32156 33 42156 1 8172 9062 46 31390 1 13375 14703 46 26500 1
"52" 0 20.917 3703 5297 48 23875 1 9281 19828 19 23906 1 5062 9609 24 16234 1 11984 12844 27 20016 1 5203 17812 38 29172 0 17703 19766 25 25500 1 11969 14438 9 18297 0 6828 8328 39 18328 1 25141 25625 54 56156 1 6296 8468 8 17781 0
"53" 0 21.583 7422 12266 46 48969 1 9984 12531 8 31390 0 12734 40469 20 57156 1 10125 12938 27 44969 1 26375 36500 44 55954 1 6704 14875 27 28516 1 9812 16969 28 52031 0 7844 10547 39 43078 1 13000 14454 48 70172 1 30656 34109 12 66406 0
"54" 0 20.5 90406 91297 48 118844 1 13329 14188 17 17610 1 8656 9344 22 13891 1 60640 61797 29 73828 1 105140 108953 42 113953 1 10266 11547 25 17125 1 25313 27688 54 38313 1 18704 19719 39 29204 1 78406 79375 44 99735 1 28250 29828 46 41047 1
"55" 0 20.167 12079 13219 46 36172 1 16063 16656 17 19578 1 6703 7594 20 11484 1 14875 15532 27 21157 1 17000 21453 42 28859 1 33860 35531 23 39953 1 22140 24468 52 36250 1 16703 23765 10 35031 0 33578 34219 44 45203 1 10469 11688 46 23907 1
"56" 0 19.25 21484 22781 45 218750 1 13094 14094 17 23828 1 17485 18469 20 23297 1 24671 25484 27 32890 1 13500 19906 44 28156 1 33906 35859 23 41531 1 88015 90687 29 98125 1 64062 65141 33 77922 1 59235 60079 44 85047 1 43875 45187 46 205921 1
"57" 0 21.583 31110 32391 45 70219 1 44188 46516 17 50344 1 18828 19906 22 24953 1 10547 11454 27 18672 1 9297 13547 42 19641 1 29625 31828 15 108734 0 43125 45750 29 53656 1 16422 17485 39 26875 1 17485 18328 46 33891 1 14547 15781 46 37219 1
"58" 0 20.333 23719 25531 48 51031 1 38437 39703 17 44843 1 19328 25375 22 33156 1 15546 17156 27 31125 1 16187 22968 40 82406 0 13469 19641 23 31969 1 44359 48547 63 105750 1 20312 21796 24 86078 0 54515 56469 66 109515 1 27015 45218 39 77687 0
"59" 0 19.167 6281 12625 45 32140 1 15282 16672 17 21641 1 15125 16406 22 31672 1 8781 11500 29 24375 1 7797 14906 42 25656 1 12547 27031 23 37688 1 33234 33234 0 33234 0 9672 11344 39 26344 1 12984 13875 44 38796 1 50844 52953 46 73860 1
"60" 1 19.833 7750 9515 45 23906 1 8735 11672 17 15204 1 7906 9437 20 14656 1 17640 22765 27 31406 1 9375 14250 42 23485 1 8500 11406 25 16594 1 21015 22937 8 29969 0 19500 21078 39 35046 1 17829 18985 46 32063 1 7250 9594 46 32063 1
"61" 0 20.667 29422 43297 46 111968 1 2156 177266 4 177266 0 9157 10657 20 23594 1 16938 18985 27 48453 1 6750 19719 19 68047 0 3688 118016 26 145891 0 26203 32031 28 85562 0 54125 68641 39 92516 1 6297 126219 3 126219 0 3750 6343 12 22218 0
"62" 0 21.667 12343 14046 46 40437 1 21422 22516 17 27094 1 29204 30735 20 37938 1 22516 23656 27 32125 1 94500 100656 42 109453 1 19703 23625 23 30921 1 32203 37266 29 44547 1 8562 10562 39 38593 1 19875 20985 44 43078 1 37562 39484 46 94250 1
"63" 0 21.25 13953 25453 46 50969 1 29359 31875 17 36890 1 10937 12453 20 21094 1 5828 7125 27 17781 1 13579 20688 42 31360 1 6219 8485 23 18110 1 12547 15390 22 54640 0 12235 13891 39 30469 1 18125 24828 46 54172 1 10500 12547 46 39172 1
"64" 0 20.333 20063 39469 46 73532 1 42203 43921 17 48609 1 13235 14453 20 24657 1 34922 37187 30 100672 0 40687 46344 42 58875 1 17063 32922 28 72688 0 32562 36203 47 58156 1 17172 18250 39 36062 1 32406 44937 46 70687 1 43000 44500 46 74797 1
"65" 1 21.583 6125 8016 46 25297 1 8782 10953 17 15047 1 10578 17422 20 25891 1 12016 12953 27 20438 1 5078 9750 42 17375 1 6297 8188 23 13000 1 12453 15375 36 27016 1 8203 10375 39 33875 1 11719 13110 46 32391 1 20687 22093 48 42250 1
"66" 0 22.5 8922 10438 48 36328 1 21266 22109 17 29562 1 20063 21469 20 27657 1 8781 9860 27 21016 1 10219 16313 42 25985 1 41937 43922 23 55953 1 22531 32734 45 51125 1 8625 21344 39 34422 1 16046 17234 46 40031 1 14093 22172 46 39562 1
"67" 0 20.583 6797 7922 46 25656 1 12578 13266 17 16797 1 8781 11141 20 15828 1 11156 12000 27 18547 1 11922 16219 42 23344 1 17265 19078 23 23953 1 13750 22813 29 29750 1 5828 7031 39 16391 1 5954 6907 44 19719 1 8781 10235 70 33500 1
"68" 0 21.6668 10500 17390 52 32453 1 9234 12687 17 15687 1 4640 5484 22 9015 1 6609 7312 29 12984 1 3688 7547 42 12469 1 9953 12969 23 16250 1 9891 12469 45 23891 1 9813 11875 39 19531 1 8937 10687 44 26140 1 10344 11344 47 22531 1
"69" 0 20.6668 59891 61407 47 87938 1 11937 23344 19 29453 1 14313 16453 22 26297 1 28016 32063 29 50859 1 16844 39094 42 53625 1 43000 45765 23 51656 1 36797 43937 29 63031 1 27891 32453 33 47859 1 53500 56468 44 93406 1 10828 12890 48 75390 1
"70" 0 21.167 36125 38063 48 86406 1 33125 34360 17 43516 1 35063 37750 20 95969 1 34172 36172 27 51969 1 114453 122875 44 137047 1 347547 364172 23 386563 1 58032 62969 36 76719 1 107422 110000 39 140203 1 61890 63390 44 99218 1 90000 92406 46 127109 1
"71" 0 19.833 12641 15047 45 44157 1 13218 15781 17 22593 1 19907 22047 20 33360 1 26125 27734 27 45891 1 24297 47750 44 65531 1 12000 16672 25 28750 1 14375 22985 36 43797 1 25641 27985 39 51813 1 13984 23469 46 69219 1 114437 117500 50 157062 1
"72" 0 20.25 23297 25281 46 47234 1 50188 52813 17 57704 1 18359 19781 20 26500 1 13625 15000 27 24235 1 32641 38750 42 50282 1 12468 16921 23 24906 1 34656 39234 36 48796 1 17797 24359 39 42922 1 48875 49922 46 79781 1 57922 62797 46 92344 1
"73" 0 20 11282 12782 46 59735 1 32844 33844 17 38859 1 45250 47000 22 55750 1 22657 24297 29 35954 1 64000 70641 42 91563 1 27297 29656 23 37125 1 15672 22719 36 37578 1 9297 10860 11 100547 0 16375 17500 46 39438 1 117594 119906 46 156000 1
"74" 0 21.667 6390 10359 48 29250 1 3860 41610 17 46797 1 4718 7406 22 13750 1 12828 13953 27 22515 1 5485 28375 54 39391 1 8016 10203 23 16047 1 1953 25562 66 55515 0 2532 19000 33 32047 0 3578 10187 66 70359 0 21938 52469 36 66485 0
"75" 0 20.167 26922 28593 46 47437 1 27875 29140 17 35109 1 39437 41719 22 50531 1 49219 52344 29 64485 1 148406 156813 44 171547 1 36265 37671 49 132953 0 70578 77203 47 95922 1 46515 48484 39 64015 1 27468 30890 64 69750 1 11532 13344 34 71938 0
"76" 0 20.917 8563 11391 46 54078 1 25031 27797 19 37437 1 20875 26641 20 40281 1 13907 17297 29 42391 1 44594 63297 42 84765 1 7938 18407 23 31782 1 31578 45953 45 85015 1 102328 106062 39 131187 1 15937 19094 44 63828 1 27359 29156 19 99093 0
"77" 1 20.917 19609 20968 45 33328 1 53813 54735 17 58313 1 12875 14094 22 18766 1 22813 24188 29 30938 1 11297 15953 42 24125 1 22235 24141 25 29797 1 15063 18547 36 29531 1 16672 17922 39 29531 1 17078 18171 6 25390 0 34156 35812 51 50593 1
"78" 0 19.917 17343 23297 46 44625 1 21156 23312 17 27797 1 14000 19516 20 23984 1 12297 13265 27 20609 1 42671 47500 42 83562 1 55047 56563 20 76391 0 17500 21016 9 31500 0 5922 7063 39 16750 1 9578 10469 46 28188 1 39843 42421 46 55750 1
"79" 0 21.167 20469 22250 46 49297 1 14922 15766 17 20875 1 28937 30781 20 40390 1 8297 12203 27 22031 1 29000 34141 42 43438 1 25641 28203 23 34297 1 21672 25625 36 35328 1 7406 9406 39 21125 1 21859 22921 44 39937 1 30328 38125 46 56016 1
"80" 0 21.583 13187 15015 48 31187 1 11688 16656 19 21156 1 6937 13469 22 18312 1 19094 26641 47 75750 1 3281 12172 44 20828 1 19531 21000 23 26765 1 44000 50735 36 61563 1 1765 16625 39 27250 1 11984 28515 52 57312 1 5531 20094 60 45797 1
"81" 0 20.42 1703 30641 46 52360 1 33704 34485 17 38157 1 35000 36094 20 41797 1 21641 22625 27 32453 1 22985 28141 44 35313 1 19063 20453 23 30031 1 49235 51625 50 78219 1 32219 33704 41 47344 1 31485 32313 46 58188 1 55078 56406 48 83891 1
"82" 0 20.583 29797 31719 52 51015 1 18813 22234 17 26781 1 13453 15843 20 28359 1 26422 27640 27 39547 1 10250 16156 42 27672 1 16156 20750 23 30390 1 16703 22218 36 34750 1 16922 21797 39 36656 1 60953 62063 46 80891 1 47141 49125 46 67813 1
"83" 0 21.583 16531 18109 48 50375 1 19984 20875 17 27031 1 20296 22468 20 36593 1 16594 18562 27 30359 1 33141 39485 44 54297 1 10922 20609 23 29437 1 20062 76703 54 88875 1 11969 15891 41 36735 1 13032 14329 7 26047 0 13156 15421 48 40984 1
"84" 0 20.833 11016 11984 46 23219 1 27437 28031 17 32234 1 10062 10968 22 14968 1 5156 6312 29 11969 1 11703 15250 42 22203 1 16829 18454 43 33735 1 16079 20907 56 33750 1 4484 5484 39 14734 1 11281 12000 46 27625 1 12515 13687 47 27469 1
"85" 0 21.08 4703 11109 45 57109 1 4281 73468 8 81031 0 6719 8437 20 19094 1 7515 8547 19 54187 0 8985 17641 42 36563 1 6500 36141 29 88985 0 3797 9328 28 54875 0 15328 26094 39 68531 0 17047 18891 62 58282 1 32140 33718 30 66656 0
"86" 0 20 44781 45859 46 60140 1 39031 39859 17 43125 1 30266 31406 20 42422 1 20407 21297 29 30297 1 29719 35453 42 48406 1 65547 67406 23 72890 1 62110 67016 36 77110 1 41469 42406 39 54703 1 66125 67281 44 81375 1 66328 67578 46 93641 1
"87" 0 21.08 16313 18438 50 44532 1 16562 17406 17 22125 1 10750 12078 20 17781 1 24906 25890 27 37203 1 23828 30515 42 39125 1 17859 26593 27 32109 1 29094 32985 31 63813 1 14312 15609 39 28844 1 30172 31015 44 49093 1 21469 22688 46 40219 1
"88" 0 20.583 15656 17984 46 40125 1 9203 14187 17 18750 1 4766 12797 20 19750 1 16313 17688 29 31422 1 12796 22812 42 32062 1 8938 14313 23 21250 1 22063 25766 29 36438 1 18812 22281 39 42766 1 18218 19390 46 40515 1 15828 18125 46 38390 1
"89" 0 19.5 25640 26859 46 50844 1 40422 41828 17 46453 1 10953 12203 20 17687 1 9437 12187 29 19468 1 11421 14281 8 21937 0 32406 34109 23 39516 1 31343 34265 49 49750 1 15531 16844 41 29641 1 31375 32344 44 44953 1 15282 16750 46 30250 1
"90" 0 23.6668 18016 20297 48 54938 1 20922 21750 17 27500 1 18734 21281 22 45625 1 34125 37672 29 61438 1 49657 57172 44 74219 1 8296 15484 23 31359 1 40469 53203 51 95500 1 23110 25563 39 47516 1 177937 182406 25 231359 0 55594 58000 46 121078 1
"91" 0 21.08 14125 16781 52 36984 1 3000 109000 21 114469 1 15406 19828 20 28875 1 37000 101110 34 119078 1 19360 24938 42 42672 1 19031 22406 23 28703 1 52265 60437 36 80984 1 20641 22312 39 51703 1 24344 25578 48 60015 1 14297 92765 18 140593 0
"92" 0 19.833 9906 11343 48 32953 0 31282 31875 17 35110 1 8594 12422 20 16907 1 13375 14453 27 21703 1 9891 15953 42 24547 1 8109 10703 25 15328 1 8297 13937 36 23047 1 10141 12235 39 23985 1 26922 27766 44 46860 1 9406 10859 47 25625 1
"93" 1 20.917 43453 44656 52 59375 1 13328 14359 17 18875 1 18781 20000 22 24765 1 9797 10593 27 17422 1 3391 15438 42 22860 1 23172 26516 25 32360 1 9297 12765 36 23015 1 6437 25687 39 35875 1 7954 8797 46 20047 1 13078 14562 46 35656 1
"94" 0 20.333 2109 17766 46 46641 1 4547 75437 23 82390 1 6953 69609 22 89953 1 9907 36063 27 48235 1 16968 24812 30 72453 0 2593 33140 35 76234 1 2406 82438 36 106219 1 36547 46031 39 68875 1 14328 30578 46 78953 1 3235 52360 46 88094 1
"95" 0 19.833 29891 33375 50 76016 1 36782 39563 17 46579 1 20547 22375 20 33031 1 25125 26860 20 56672 0 24281 58047 42 76156 1 38844 44125 25 64297 1 57250 67484 36 91047 1 20641 22547 39 42656 1 60235 62188 50 123735 1 31125 33016 11 75688 0
"96" 0 20 10469 13016 46 31329 1 24906 26234 17 31844 1 13141 16469 20 28938 1 6625 8343 29 20484 1 29781 35703 26 52250 0 16391 19313 23 30906 1 26187 29046 36 37656 1 3266 9000 15 41344 0 24312 25297 44 43141 1 37188 38875 46 59359 1
"97" 0 20.833 11859 13531 52 31078 1 1703 77906 19 81203 1 4828 5640 6 22578 0 9141 10000 29 18094 1 40703 44594 44 52109 1 5297 6781 23 12453 1 110203 113578 49 125516 1 17609 18922 39 34125 1 14953 16156 64 38375 1 32781 34343 49 52703 1
"98" 0 20.833 25609 26859 48 46312 1 39657 40610 17 44735 1 11813 13860 22 20922 1 20735 21953 29 32141 1 18750 23640 42 31687 1 36391 40016 22 54484 0 21328 25625 36 35437 1 4750 6000 32 34157 0 22359 23688 64 51469 1 79047 80812 46 97687 1
"99" 0 21 22375 24343 45 58297 1 42750 44563 17 56047 1 33578 37750 20 49235 1 26000 28000 27 49344 1 21844 76579 42 98266 1 64187 97719 20 125687 0 39875 135453 29 151860 1 180547 193531 39 235781 1 33766 36360 47 128125 0 11875 15781 14 53968 0
"100" 0 19.667 3047 3047 0 3047 0 2750 2750 0 2750 0 35578 38156 24 48484 1 2594 2594 0 2594 0 6828 9219 32 32750 0 2641 2641 0 2641 0 9735 11922 30 41016 0 4219 16265 33 63547 1 16109 18578 11 27625 0 2844 11579 19 27063 0
"101" 1 20.42 11265 12922 47 29812 1 13172 14422 17 18172 1 3750 6984 32 15421 1 6765 7921 29 15015 1 35281 39594 42 45984 1 44641 46453 23 54469 1 23485 26828 36 36063 1 8938 17078 39 30453 1 17140 18593 58 36390 1 16422 17860 29 41516 0
"102" 0 21.42 17688 18625 52 30406 1 20797 21828 17 25625 1 4421 10656 20 14375 1 10141 12766 27 17734 1 13468 17281 42 25765 1 14765 16609 34 24625 1 6422 8203 26 18625 0 6203 10453 39 18938 1 7625 8297 44 25750 1 13375 21203 46 32938 1
"103" 0 20.917 10281 12453 56 40125 1 7203 8453 32 45547 0 8391 18531 22 28250 1 19360 20907 31 34469 1 9406 16781 37 92250 0 5625 10984 23 18656 1 32828 40078 36 52172 1 8219 10500 39 26625 1 20687 22375 52 47453 1 58265 60484 48 82047 1
"104" 0 20.917 42063 43547 47 61344 1 25906 27625 17 32765 1 16875 18844 20 27781 1 23594 24969 29 33360 1 18359 24578 42 32734 1 47047 48968 25 55328 1 23500 27937 38 38593 1 44750 46578 39 61172 1 9016 9984 46 30922 1 58984 61344 46 89172 1
"105" 1 19.917 12578 13875 46 31500 1 15969 16828 17 21016 1 10641 11891 22 19937 1 15937 18312 29 28328 1 10297 16969 42 31047 0 8297 10641 25 18360 1 19312 23937 47 38812 1 10593 12875 39 26328 1 28125 29438 44 44672 1 18875 20750 46 42468 1
"106" 0 20.917 14047 15797 46 32734 1 19563 20594 17 25266 1 9015 10500 20 15984 1 20719 21844 27 30625 1 21469 26422 42 36610 1 10187 12750 23 19484 1 33422 37938 36 49719 1 12625 14828 39 27922 1 11703 13297 46 41141 1 28937 30515 46 48281 1
"107" 0 21.6668 2906 15218 24 43078 0 23438 25266 17 33781 1 9985 13828 20 19235 1 16922 18187 27 26672 1 13407 61032 58 68594 1 1640 8218 25 12937 1 2078 25672 51 38187 1 8953 10563 41 26359 1 12984 15500 50 40453 1 11079 12875 46 34329 1
"108" 0 20 22359 25047 48 95609 1 53687 56734 17 60984 1 16485 18172 20 23657 1 38453 39750 27 60312 1 42016 53141 42 68281 1 21765 34500 23 40265 1 42000 46593 36 61812 1 22156 53781 39 83985 1 32547 36125 46 108156 1 109813 111516 46 143313 1
"109" 0 20.333 38062 39344 51 53047 1 29000 30360 17 35797 1 7875 8875 22 15859 1 14203 15094 27 22391 1 5906 13641 42 20125 1 65875 67843 39 83890 1 66750 77531 51 91546 1 5781 7531 39 17438 1 1750 49859 46 63703 1 51266 52954 46 71000 1
"110" 0 20.833 14235 16313 45 39438 1 13797 16500 17 21047 1 8921 14687 24 20390 1 14313 15703 27 25500 1 6015 38531 42 46250 1 10828 13140 23 24000 1 25625 29156 36 39188 1 6266 8235 15 45157 0 11641 24797 44 53687 1 15500 49297 46 87593 1
"111" 0 20.333 5672 7187 46 24828 1 18594 19328 17 23891 1 10531 11828 20 17422 1 6547 7937 27 16828 1 14953 21453 44 32109 1 7047 9000 25 16578 1 7953 13953 36 25125 1 6735 7938 39 25329 1 14672 15625 50 37610 1 11922 13609 46 29906 1
"112" 0 20.25 17328 19437 46 45593 1 27453 29453 17 35703 1 22906 25390 24 40625 1 21922 25688 27 40281 1 14813 25250 42 42016 1 16688 20797 23 30250 1 30625 36656 49 67500 1 32250 34750 39 57469 1 37532 42063 44 76469 1 127547 130313 47 167750 1
"113" 0 20 16047 22594 50 40203 1 8437 12094 17 15406 1 12218 14922 24 21203 1 8625 13281 27 20266 1 10734 20547 42 28281 1 35391 43031 29 49437 1 9437 16953 36 24141 1 6297 13078 39 22391 1 11781 12875 44 38781 1 12546 14843 49 39468 1
"114" 1 22.6668 28187 28953 45 39328 1 8547 9391 17 12282 1 24891 26047 22 30938 1 19328 20000 27 25469 1 13218 14015 6 23406 0 21766 23156 23 28297 1 14156 21625 17 29266 0 24672 25922 39 33703 1 8531 9297 46 20219 1 23187 24515 46 42296 1
"115" 0 19.167 14281 18328 46 37578 1 20641 21547 17 28735 1 5312 9344 20 14703 1 17016 17953 27 27094 1 8047 12968 42 21343 1 26375 29438 23 38954 1 19235 28313 45 40422 1 14047 17110 39 35094 1 16594 17875 46 33031 1 43141 45016 46 71282 1
"116" 0 22.583 38828 40891 46 79250 1 42610 44985 17 53594 1 7984 9390 20 22546 1 72359 82078 29 104406 1 13281 25141 42 45203 1 42469 47437 23 57937 1 57828 66344 45 101156 1 69937 115937 39 162500 1 76062 109546 44 156671 1 48391 52937 46 81750 1
"117" 1 22.25 13266 14875 52 35922 1 9562 14671 17 18703 1 15000 17047 20 22782 1 6547 7688 27 16469 1 12891 18719 42 27563 1 28203 29734 23 40656 1 17781 25484 49 44281 1 11672 12797 39 24719 1 29343 30297 44 45984 1 10875 33656 50 54984 1
"118" 0 19.42 12094 16672 46 54110 1 143734 146312 17 154203 1 16141 18219 22 41735 1 12093 14187 27 33062 1 21766 35735 42 70610 1 20672 29157 23 39672 1 9390 18968 36 35937 1 51219 55813 39 74454 1 12109 13609 46 102078 1 16234 19125 46 61828 1
"119" 0 20 20188 21266 46 35156 1 33609 34109 17 37281 1 8546 9750 20 14265 1 19969 20485 29 26594 1 26797 29750 42 35187 1 13610 15141 27 19750 1 40282 42125 36 48375 1 11703 12938 39 21235 1 12953 13906 58 34328 1 15734 17391 46 29672 1
"120" 0 20.58366667 8359 11453 45 39203 1 21562 22625 17 29031 1 14250 50360 24 58032 1 9000 10297 27 70453 1 19359 49203 10 166187 0 74750 84094 8 113110 0 33453 44406 29 56765 1 48422 50282 33 70141 1 27969 28953 44 58094 1 31985 43828 47 69063 1
"121" 0 21.83366667 8954 10375 52 32438 1 16422 17172 17 21422 1 12375 13531 22 20343 1 7422 8187 27 17593 1 15984 24813 20 51406 0 23719 26109 23 31375 1 29078 35641 36 47594 1 13421 16718 39 30156 1 17891 19406 44 37047 1 17531 19015 6 78953 0
"122" 1 24.917 20375 21563 48 36406 1 3969 4891 53 27422 1 8343 16546 22 22859 1 7375 12188 29 20344 1 1563 14610 42 22844 1 1078 70985 29 75938 1 4750 6687 12 34234 0 4094 11234 39 24641 1 6906 8234 50 34547 1 77719 100078 51 114484 1
"123" 0 23.25033333 5766 7453 50 62937 1 5890 20937 29 59562 1 25344 26938 22 33750 1 5282 7500 27 17469 1 3094 12172 42 20407 1 6031 26000 23 31125 1 14953 30047 61 42016 1 6125 8109 39 18422 1 6906 8688 46 23578 1 22047 24281 46 37375 1
"124" 1 26.08366667 11031 13140 52 41219 1 12375 13343 17 18453 1 8796 13796 24 18703 1 4531 6938 27 14344 1 2516 25609 42 35000 1 13531 16265 21 38390 0 23406 27594 49 38484 1 9937 13125 39 23641 1 8766 9782 44 32422 1 11484 13828 13 34796 0
"125" 0 23.75033333 8172 12766 52 43203 1 15985 17328 17 23453 1 13344 14813 22 23625 1 14516 16828 27 25750 1 15891 29578 42 40125 1 7812 20296 23 25296 1 5312 22094 61 36016 1 16593 18672 39 31218 1 8938 19063 46 31984 1 6719 32032 49 48938 1
"126" 1 24.08366667 5890 7328 50 26578 1 17171 17828 17 21796 1 3890 5828 28 16812 1 6313 7547 29 16047 1 4453 9234 42 16828 1 28140 29625 29 36812 1 16563 20688 36 27813 1 9031 11188 39 20469 1 33437 34390 46 47640 1 14219 16312 48 35594 1
"127" 0 20.5 38406 40453 54 81797 1 25641 26813 17 32625 1 16031 18687 22 36187 1 16672 29141 30 64547 0 13094 27594 42 42953 1 14453 16735 29 37875 1 15438 19078 9 26844 0 9500 12453 15 33094 0 9125 10906 46 65750 1 20875 24469 48 51219 1
"128" 0 20.25 10547 12531 53 43828 1 7593 8546 6 19812 0 5656 7656 22 21672 1 14672 24563 29 38063 1 6578 11437 6 23359 0 7844 11562 25 26484 1 14469 19406 38 34922 1 8969 10547 49 36047 1 23250 27187 44 53765 1 8156 10719 12 38953 0
"129" 0 22 6563 8203 35 38719 0 18828 20109 17 25640 1 6875 8563 17 28266 0 3828 5093 18 31750 0 11203 15781 25 53843 0 25657 26875 6 42735 0 32407 39469 36 134579 0 75687 77046 31 134687 0 44625 46047 32 68891 0 78828 80390 46 171922 0
"130" 0 20.83333333 17422 20031 48 57344 1 15891 17297 17 26344 1 7922 8438 15 32344 0 14484 16859 29 38328 1 11531 60391 19 81453 0 9906 18000 20 44453 0 21110 31172 36 55641 1 40125 41796 41 106328 1 11297 13266 12 90906 0 25860 28797 46 64750 1
"131" 0 21.33333333 19391 34438 48 62547 1 46547 49594 17 55860 1 20515 24046 20 31562 1 16766 28703 29 71922 0 119219 170094 42 179453 1 25203 28484 14 62687 0 53485 57313 55 108532 0 6062 10843 19 84031 0 131703 133625 44 158016 1 44453 46875 36 107625 0
"132" 0 19.16666667 33516 35078 48 50500 1 9765 15015 17 19578 1 7109 8515 9 31468 0 19375 20453 27 28297 1 18421 24609 42 37687 1 39203 41578 23 47172 1 28297 33000 49 56297 1 21593 23156 39 34171 1 25828 26953 56 47203 1 85485 87079 46 104188 1
"133" 0 21.41666667 8562 17531 45 41437 1 11656 40141 17 46516 1 11250 17000 24 28578 1 32422 34781 27 48172 1 13468 17890 30 34906 0 8375 19078 27 34203 1 51313 54703 36 65906 1 9687 11500 39 35531 1 12703 27906 44 51141 1 9110 11766 46 45797 1
"134" 0 20.16666667 6938 9453 48 47188 1 32828 37000 19 45375 1 31688 32203 17 64453 0 50547 61906 27 80078 1 16094 85765 44 113156 1 49860 58266 33 145391 0 43125 74406 38 93297 1 35032 37454 28 83079 0 -3514282 -3510032 48 -3469907 1 15485 17141 16 73282 0
"135" 0 21.16666667 5125 8453 50 46141 1 25125 26250 17 33219 1 13016 19032 22 41875 1 12156 15250 31 42422 1 17672 35000 46 65516 1 11547 28219 29 108125 0 66953 122485 40 153110 1 46000 47969 39 72859 1 19938 27844 48 87094 1 17844 23563 9 47797 0
"136" 0 19.58333333 2906 6156 42 25547 0 13922 14859 17 21031 1 4110 5766 22 12766 1 5469 8515 27 18437 1 3328 9484 42 18266 1 2015 5296 23 10609 1 1750 25328 33 75906 1 2641 5750 21 48453 0 14188 27282 44 42610 1 12969 15031 46 29875 1
"137" 0 20 30828 32531 52 64922 1 20625 21562 17 28422 1 19250 20719 22 30891 1 21641 22687 27 31969 1 26765 33953 42 44203 1 1875 79672 23 84953 1 12953 20593 36 29812 1 5234 48797 39 64312 1 55047 56500 46 75094 1 57671 58921 16 109437 0
"138" 0 18.83333333 3563 5000 46 18828 1 17797 18469 17 21531 1 5437 6843 20 11531 1 3047 4016 27 9688 1 1672 6453 42 12640 1 1703 3266 23 7532 1 18141 20719 36 27406 1 9296 10953 39 19843 1 2640 5750 50 25500 1 14454 15704 46 26875 1
"139" 0 20.16666667 15906 15906 1 49188 0 5187 8656 49 56843 1 10781 13140 20 19859 1 16875 19094 27 32328 1 13234 24828 42 36844 1 8485 29188 37 55375 1 13437 20640 36 31937 1 8516 14609 39 28859 1 37062 38281 44 63125 1 13235 25032 15 40828 0
"140" 1 23.75 24500 25578 46 41562 1 30938 32797 17 36359 1 14453 15750 20 28907 1 16547 17500 27 26203 1 11297 15156 44 26969 1 7953 9422 23 16063 1 9578 15187 36 27093 1 11641 12954 39 22297 1 34203 35437 46 51453 1 20000 31922 46 54437 1
"141" 0 19.25 8687 10875 52 29609 1 5547 9625 17 12657 1 4188 6766 20 12047 1 2032 14782 39 21907 1 3734 7750 29 48844 0 844 9812 23 14765 1 2047 21485 56 28282 1 3938 6063 39 16016 1 7750 10875 46 32875 1 1515 28140 51 49031 0
"142" 0 20.5 10890 12000 52 38875 1 1156 14344 23 18547 1 4312 15797 22 22141 1 5703 6594 29 13594 1 5641 31672 42 38172 1 29922 31563 23 36079 1 12843 18250 51 31906 1 13782 59094 47 79485 1 14890 17093 46 34062 1 13250 16266 48 44610 1
"143" 0 19.5 7125 8141 46 37797 1 15235 16688 35 53719 1 4110 13969 6 40172 0 15860 16953 27 23735 1 29140 33187 44 43812 1 19406 24125 23 29719 1 32250 44187 52 54219 1 28734 29953 41 41109 1 17672 18906 66 44984 1 24329 25829 46 39157 1
"144" 0 20.41666667 2391 4094 46 13875 1 1218 2015 24 32750 0 5703 15750 28 20468 1 1547 13469 29 20906 1 1406 7734 60 60671 0 4750 7719 23 11781 1 2797 22547 48 28953 1 5500 6953 39 17453 1 7391 15485 66 53032 1 16422 24172 48 36141 1
"145" 1 21.5 10953 12344 50 31203 1 22969 23500 17 26828 1 10046 12796 22 20859 1 14453 15031 27 20641 1 8265 11781 42 18343 1 8140 10906 23 15296 1 13047 16266 29 23063 1 9813 15407 39 25344 1 4829 6719 44 25500 1 15062 18016 46 33609 1
"146" 1 25.5 8453 9781 50 41813 1 7219 8250 17 12485 1 13110 15141 20 22938 1 11828 16141 27 26266 1 16469 23188 42 31250 1 19859 22125 23 27922 1 30172 40843 36 50578 1 10781 12109 39 25328 1 19203 20000 46 39015 1 50687 52265 50 70297 1
"147" 0 21.75 4125 6390 46 21140 1 6813 7453 17 11563 1 3109 4281 7 41265 0 5391 14860 47 63719 1 10188 16297 42 26859 1 9047 14828 23 59641 1 9734 14625 45 27000 1 18703 19844 39 32422 1 12172 13578 46 36468 1 12750 14063 46 37844 1
"148" 1 26 22250 24844 52 58062 1 4141 5219 44 72516 0 10297 10719 29 52110 0 1953 6843 21 34078 0 21969 30078 42 42703 1 20515 43422 30 69906 0 20266 27344 36 39016 1 15906 17922 39 40109 1 20985 26016 124 167094 1 3812 46734 40 95906 0
"149" 0 23.75 6063 7844 48 52235 1 7750 9094 17 13000 1 7032 8500 20 15344 1 9406 10719 27 19047 1 2016 16281 42 25688 1 7188 10422 23 15782 1 14594 19344 47 41578 1 12610 14344 27 38641 0 5500 6813 14 16422 0 11984 13328 23 44297 0
"150" 1 19.33333333 7078 9468 45 29281 1 11578 16344 17 19703 1 12828 14562 20 20671 1 9844 11453 29 21687 1 21844 29250 28 45219 0 14469 16453 18 31531 0 30797 50610 45 61282 1 10860 12500 39 31750 1 11781 13562 66 47203 1 102250 105609 46 132656 1
"151" 0 20.91666667 10531 14859 45 53547 1 19532 21641 17 29703 1 7000 14188 28 22735 1 14718 16281 27 26968 1 5797 13766 42 25047 1 7735 11719 23 19328 1 52687 57234 36 69547 1 10875 12219 39 26813 1 28235 31266 44 56032 1 8093 17437 46 42375 1
"152" 0 19.58333333 13687 15672 47 52922 1 16235 17297 17 21766 1 7234 9125 20 16343 1 20579 22875 31 39250 1 10313 17516 44 33578 1 7906 9953 23 23719 1 13250 18562 36 39391 1 4890 6234 39 24515 1 12625 19906 14 39812 0 11875 89109 50 110578 1
"153" 1 24.91666667 3688 3688 6 20469 0 4062 13375 19 21812 1 25438 32250 22 41297 1 7000 31078 39 43797 1 7656 16937 44 31547 1 6000 9031 23 17110 1 10125 39188 46 72313 0 8047 34797 37 94266 0 24890 30453 23 60718 0 25407 27813 46 52641 1
"154" 1 21.66666667 9390 9390 7 24765 0 2125 12922 23 17953 1 8156 8828 20 27375 0 1906 18750 27 28203 1 13032 27282 42 36454 1 5922 13141 39 44172 1 13657 61688 42 72094 1 6203 7312 25 60922 0 5609 65906 36 121140 0 9500 37891 42 105032 0
"155" 1 19.91666667 5985 17094 56 57828 1 13656 14297 17 22094 1 11000 14015 20 20140 1 4547 5500 29 12578 1 11812 17203 44 26344 1 10828 12500 23 17547 1 11094 15875 51 36891 1 6437 8172 41 19734 1 4344 9515 44 30015 1 40094 53063 48 67875 1
"156" 1 24.41666667 8031 10875 50 42422 1 12047 14094 52 71531 0 13172 15406 22 28281 1 14531 34766 24 68766 0 15328 36921 24 49609 0 14062 18125 23 32016 1 3969 36625 61 84266 0 14234 16469 16 48500 0 14078 55203 26 72078 0 8547 25047 46 71640 1
"157" 0 19.58333333 13250 14734 45 31563 1 63391 64344 17 68469 1 13453 17594 20 24656 1 16766 17766 27 27844 1 16891 24032 42 36125 1 22969 25094 23 31907 1 20515 32437 45 47203 1 6157 7797 39 19688 1 17813 20985 44 38531 1 41641 43516 48 66875 1
"158" 1 24.5 14844 15938 46 46688 1 17359 18250 17 21734 1 7953 12234 20 16500 1 14485 15282 29 22672 1 10203 14093 42 20109 1 7422 8922 23 12766 1 11469 15406 36 27063 1 14219 15375 41 29391 1 11015 12734 44 27765 1 11563 13750 46 32094 1
"159" 1 23.41666667 2985 4375 52 26000 1 5531 6437 17 10281 1 1313 5313 22 9860 1 1688 7438 27 13703 1 1438 12531 28 21797 0 1687 4281 23 9297 1 703 12500 49 24187 1 3266 5391 39 17719 1 4234 5641 46 25734 1 6063 8219 46 24500 1
"160" 1 27 2141 6907 46 21407 1 7016 16312 17 21031 1 14313 17172 22 22406 1 4875 6297 27 14187 1 1468 11812 42 18156 1 2328 5062 23 9047 1 4953 8219 49 19672 1 6078 7500 41 17031 1 6203 9562 46 30234 1 12844 14375 46 27344 1
"161" 1 22.91666667 4688 15016 54 41172 1 1766 17094 19 21907 1 7343 14062 22 22000 1 2296 10062 29 19734 1 1703 17859 42 27922 1 1657 6172 23 12219 1 9375 63234 42 72937 1 1187 12141 47 26422 1 1297 9578 46 26750 1 16468 18422 54 38218 1
"162" 1 22.83333333 1782 5250 47 21328 1 12188 13625 17 16875 1 7360 8750 22 14266 1 9625 10828 29 17750 1 11094 16453 44 25547 1 3093 4765 23 9640 1 12625 16016 36 23484 1 4953 6781 41 19812 1 8656 10000 44 22031 1 13047 18454 46 30407 1
"163" 0 19.24666667 12062 14172 54 48500 1 34609 42859 23 61656 0 13015 15078 22 27375 1 30219 32078 29 46766 1 44000 107812 44 120375 1 31594 33313 25 40406 1 40578 46656 40 61063 1 93391 97297 43 114250 1 20782 47704 6 99735 0 6266 8922 46 36172 1
"164" 0 18.74666667 10016 11547 56 43266 1 18562 19875 17 25484 1 8437 10500 22 18109 1 12531 14000 27 22703 1 10219 18125 42 29156 1 3657 9735 23 23094 1 33125 37766 36 46625 1 9141 15250 39 34375 1 9765 24969 44 41906 1 16063 19766 48 35047 1
"165" 0 19.16333333 36875 38875 48 91610 1 24016 25563 17 31141 1 21125 22859 24 37156 1 14563 15703 27 27281 1 19719 39953 32 69297 0 13204 16610 23 26250 1 27672 37859 36 53109 1 32422 34062 39 52859 1 37578 40156 46 61422 1 36485 39219 47 70219 1
"166" 0 19.24666667 108969 110047 46 128125 1 9141 9797 17 13547 1 24922 26047 20 30844 1 16250 17375 27 24469 1 8172 12610 42 20563 1 6859 8484 23 12672 1 13469 16219 36 23328 1 53109 54344 39 64500 1 750 7859 48 29953 1 35016 36688 46 50641 1
"167" 0 20.08 2953 5282 18 22797 0 9969 11015 17 14422 1 6234 7750 20 12266 1 14391 15344 29 23078 1 7953 21547 42 29906 1 6359 10359 23 15812 1 9312 36078 50 43484 1 6781 9219 22 43141 0 40547 41297 64 91312 1 5438 7219 48 25953 1
"168" 0 19.58 4046 16546 45 35812 1 34031 34860 17 38766 1 21421 22765 24 31562 1 19984 21344 27 29844 1 5500 11375 42 22563 1 5469 9563 11 87407 0 18375 23672 36 36000 1 10125 11531 45 36328 1 7718 8765 44 26828 1 16828 18390 46 36156 1
"169" 1 30.49666667 17000 18157 48 29516 1 28406 29156 17 32234 1 16578 17500 22 22344 1 29438 30219 29 37141 1 32296 36140 42 42484 1 24984 26390 23 30468 1 15687 18422 36 24953 1 16765 17719 10 59844 0 12500 14953 46 28922 1 39000 40438 50 56735 1
"170" 0 20.49666667 3281 5062 45 27234 1 11656 17188 17 21516 1 4219 5437 22 10969 1 28188 29031 27 34844 1 4390 7640 15 15968 0 4047 6047 23 11094 1 8188 12391 36 20969 1 7032 9047 39 20360 1 13109 13968 44 28171 1 10469 11985 46 26985 1
"171" 0 20.33 15687 20656 46 44703 1 24609 27797 17 34094 1 25031 26750 20 47656 0 23610 25203 27 34610 1 51407 63297 42 73032 1 54532 57297 23 64485 1 49063 52266 54 83719 1 120703 124140 39 141594 1 20250 21625 44 115875 1 231218 233828 48 255515 1
"172" 0 20.58 7719 9032 48 23719 1 23203 24063 17 27938 1 10422 11687 18 25843 0 2485 14438 47 39766 0 13719 18390 42 32937 1 1453 19172 37 24812 1 23563 26922 29 49875 1 4329 5250 15 21110 0 24515 26187 66 61968 1 6359 7063 13 23219 0
"173" 0 20.58 11313 12563 56 34516 1 2109 6218 21 10078 1 15468 16640 20 21031 1 21109 22312 27 29859 1 17000 21344 42 29750 1 15750 21062 44 33515 1 57500 59329 33 84266 0 19391 21282 39 31110 1 76687 77609 46 99046 1 9813 10563 32 37672 0
"174" 0 21.58 4094 6016 51 25375 1 2266 3406 69 99562 1 3203 6984 20 12484 1 1812 8687 29 29375 0 3188 19156 32 44984 0 4110 5781 23 12297 1 5422 8281 39 47609 0 7578 10266 26 27250 0 4016 5234 66 38344 1 2625 91891 80 118844 1
"175" 1 21.24666667 46828 48297 46 60907 1 12172 18734 17 23375 1 60844 95094 20 152828 1 65609 66234 27 118406 1 48250 57953 42 78594 1 17860 47844 23 52453 1 21500 31906 36 42797 1 29672 30765 33 41109 1 185125 185922 44 236829 1 117609 119140 46 181968 1
"176" 0 22.74666667 46922 48406 45 70250 1 41907 43672 17 48688 1 39015 40984 20 52687 1 56266 58297 27 68797 1 15750 21484 42 33500 1 80953 85093 29 103265 1 26187 29109 31 40859 1 49703 51875 15 77125 0 57703 59171 46 80437 1 64641 67625 47 86000 1
"177" 0 20.74666667 4907 5891 50 21891 1 30407 32797 17 36219 1 28328 29797 22 40125 1 16766 17625 27 27656 1 7625 27625 44 34156 1 8688 10078 23 14516 1 25015 27718 36 35421 1 12719 31735 39 41797 1 5078 5891 46 24391 1 25640 26484 15 56328 0
"178" 0 20.08 2407 3532 50 22422 1 20156 98594 87 194562 1 2031 16312 23 28578 0 1078 5937 27 12594 1 5922 21625 42 29641 1 1609 24391 23 30422 1 2172 41281 60 51187 1 1844 47563 59 58500 1 2094 9765 56 51781 1 875 7422 41 30078 0
"179" 0 21.08 4938 14453 47 42453 1 44890 47937 17 55953 1 36218 61593 30 84968 1 12734 14765 31 35234 1 107000 176156 52 233906 0 94656 100375 29 135906 1 83734 90781 13 101266 0 62032 63594 39 77954 1 56890 58922 46 87312 1 122234 123875 21 178375 0
"180" 1 21.91333333 2671 4406 48 20500 1 16578 19844 17 27047 1 4969 11063 20 17438 1 7422 8469 29 18313 1 4016 9516 42 19875 1 4922 7375 23 13750 1 5328 9062 45 22687 1 5359 6969 39 20250 1 5172 8437 54 33937 1 5094 11141 46 30094 1
"181" 1 20.74666667 74703 76187 47 90047 1 44110 45407 17 50422 1 23640 25562 20 31890 1 27765 28593 27 35828 1 48953 55406 42 73891 1 30469 32703 23 37813 1 45438 49032 36 62250 1 25625 27343 39 44828 1 21797 23125 44 54313 1 160922 162718 48 185250 1
"182" 0 22.16333333 8079 14907 58 55219 1 3203 20000 29 28688 1 8828 14157 22 20625 1 2406 26203 29 32766 1 3375 8812 42 14937 1 2391 12610 23 17032 1 4578 28641 50 53875 1 2469 15250 41 25484 1 6688 11578 50 33641 1 6578 10172 71 42750 1
"183" 0 20.66333333 969 23625 60 66657 1 13765 14968 17 19765 1 25203 27281 24 34016 1 80078 80890 31 91172 1 1562 13750 44 21375 1 1078 17125 29 24234 1 828 22484 54 31078 1 891 59188 47 69032 1 1640 23172 50 39047 1 31328 32953 48 47703 1
"184" 1 19.91333333 15406 16625 46 35344 1 20704 21750 17 27110 1 9969 11391 22 19141 1 43297 44156 29 55875 1 11203 18547 42 30531 1 11969 14453 23 24266 1 14344 18188 29 30938 1 80422 85484 39 110109 1 27141 28578 44 48141 1 20531 22235 46 47125 1
"185" 0 22.58 16328 18094 56 56594 1 53593 55687 17 63797 1 7093 7843 10 142812 0 17281 18515 29 29937 1 49078 56703 42 71109 1 23485 27266 23 35985 1 3922 7203 22 48141 0 40000 42406 39 56422 1 19422 22110 44 62594 1 110188 112578 50 141547 1
"186" 0 20.24666667 30078 33531 46 72485 1 33657 35235 17 41344 1 38625 38985 6 48922 0 57000 58438 29 69328 1 52625 60484 48 99234 0 27563 37703 37 53156 1 17391 24844 35 40297 1 20906 22344 9 39328 0 8344 52031 33 117500 0 60625 64672 12 73906 0
"187" 0 20.66333333 26812 29640 45 75094 1 38469 40000 17 46969 1 14922 17453 20 30828 1 16250 55453 29 73468 1 12344 21250 44 47688 1 16282 20516 23 49453 1 25359 30125 50 78000 1 141078 144250 39 166110 1 56375 61813 44 88282 1 34719 38156 47 102016 1
"188" 0 19.24666667 40407 41688 47 61641 1 5766 19469 17 23953 1 9218 10671 22 16218 1 10063 11047 27 18906 1 5922 10141 42 18594 1 2641 27703 23 35016 1 8922 16219 50 29610 1 7015 9187 39 29359 1 7063 24484 48 42766 1 13938 15875 46 29500 1
"189" 0 19.16333333 2390 15875 47 37828 1 30297 68250 43 72984 1 8078 13156 22 19125 1 16688 17781 27 25500 1 2641 9094 42 15656 1 8110 10485 23 14750 1 14922 22938 47 37922 1 1844 11140 39 21531 1 11890 13515 44 30297 1 1937 21172 50 35484 1
"190" 0 19.74666667 12125 13797 48 35578 1 24218 27187 17 31531 1 8125 12907 22 19735 1 9375 10484 27 20187 1 23859 31187 42 42047 1 8906 12531 23 19281 1 27219 31328 57 52985 1 16703 19203 41 33734 1 29391 34344 46 51219 1 33766 36937 48 58781 1
"191" 0 18.16333333 2719 10703 41 36563 0 2578 12797 19 15860 1 4906 5328 3 24312 0 16563 17969 27 25750 1 5640 9515 42 15797 1 3485 6078 23 10203 1 10657 13047 36 20313 1 25468 26734 39 35187 1 10625 26188 44 35250 1 31718 33859 48 49109 1
"192" 0 19.33 12109 13453 46 31906 1 15328 16219 17 20734 1 24406 28953 5 46422 0 17969 19094 29 29797 1 9937 16234 42 25469 1 10547 15109 29 24516 1 51156 53937 9 60312 0 10312 11797 39 26406 1 15781 17609 46 35390 1 22344 24438 46 44188 1
"193" 0 20.83 23156 25312 54 83265 1 51375 53140 17 60484 1 10125 12906 24 27562 1 101938 104297 29 120406 1 453766 465516 42 486250 1 199875 205203 34 287313 1 77391 88531 36 111406 1 274828 277328 43 355937 1 45687 49734 44 111797 1 14547 20485 6 71844 0
"194" 0 21.91333333 6938 18204 45 43204 1 8609 20516 17 24766 1 2563 11719 22 18094 1 22875 23937 27 32656 1 5000 12125 42 20235 1 8125 9953 23 14797 1 16110 19891 49 35266 1 9922 11313 39 22610 1 17453 25313 44 39532 1 12235 13938 48 30063 1
"195" 0 20.49666667 51437 52656 50 82797 1 13563 14375 19 31344 1 31093 32343 22 51343 1 9062 23328 31 50953 1 24125 30328 30 104000 0 88781 90750 25 98984 1 35000 39969 38 50312 1 25219 78110 39 91156 1 48172 48953 56 77984 1 62844 63641 15 128110 0
"196" 0 22.83 6516 7828 48 27328 1 3781 16406 21 21563 1 8844 10610 22 18094 1 13172 13969 27 21016 1 3907 13000 42 25172 1 10969 14234 23 23187 1 18281 22875 36 33797 1 10141 11938 39 34750 1 81188 90719 46 106766 1 7312 10297 15 23687 0
"197" 1 20.66333333 10000 14625 45 34375 1 7265 8359 17 11640 1 14391 15891 20 19750 1 10984 11765 27 18078 1 1360 6360 44 12313 1 8265 20640 41 36656 1 1375 14625 47 27156 1 4875 5781 39 19672 1 9234 10078 44 21812 1 7547 8719 50 23906 1
"198" 0 20.24666667 9329 10735 52 39782 1 17391 18547 17 23422 1 26000 27547 20 44734 1 18765 19625 29 28656 1 53360 65563 42 81047 1 16422 26515 23 33968 1 25437 35531 46 67343 1 15438 16875 35 41594 1 26657 27188 44 63953 1 81094 83703 48 110234 1
"199" 1 21.41333333 51063 53172 51 70891 1 79235 79235 0 79235 0 36406 38344 20 48094 1 97281 98266 27 105156 1 37531 43515 42 51547 1 41797 44594 29 52532 1 16015 19469 49 33781 1 14188 16782 39 27703 1 21781 22578 62 41453 1 55500 57266 46 72391 1
"200" 0 20.58 12468 13859 46 27312 1 42015 42781 17 46734 1 11594 12000 6 27454 0 39516 40500 29 49547 1 16750 35297 42 42125 1 8156 10000 23 14937 1 38297 41563 50 61016 1 16047 17782 41 29125 1 5875 20312 44 35265 1 37766 39453 46 54141 1
"201" 0 20.58 4703 11891 45 43797 1 2969 15766 21 22156 1 21625 31563 22 39156 1 36563 39625 40 129453 0 27062 28812 30 51453 0 69140 91718 29 101718 1 69485 80985 17 95891 0 123860 128079 43 144360 1 113329 114782 44 141782 1 16234 28734 48 56656 1
"202" 0 21.16333333 3157 4938 46 21969 1 3234 10375 31 51234 1 8125 10062 22 19078 1 1235 10047 29 19500 1 1531 18406 44 30328 1 6765 9265 23 16765 1 12672 55188 42 70344 1 1719 14906 39 29984 1 1921 5828 62 38031 1 4500 10672 48 32047 1
"203" 0 20.58 13500 14704 46 33469 1 12516 13641 17 18188 1 27062 27437 16 44296 0 32250 33000 29 41391 1 85093 100515 33 116406 0 73094 75360 29 90282 1 17375 73625 36 84281 1 27141 28485 39 41297 1 89609 94203 29 129718 0 47609 48937 46 66687 1
"204" 0 20.08 1547 2687 53 18656 1 7516 8297 17 11188 1 1609 10625 26 15719 1 890 3531 43 22265 1 2500 8500 42 16219 1 4875 6640 23 11609 1 2093 30359 36 38687 1 2235 8985 39 19860 1 2672 4922 54 52781 1 2375 15406 42 29594 0
"205" 0 20.33 3032 3032 1 7157 0 5641 6485 17 11031 1 1969 4079 14 14250 0 1812 3359 27 14469 1 2235 9313 42 18313 1 1204 5782 23 11594 1 1000 11578 34 33375 0 2485 4391 39 18579 1 6125 6953 44 23140 1 2437 3297 30 17843 0
"206" 0 21.41333333 1735 1735 6 9110 0 14000 49093 17 54406 1 4375 5578 13 27078 0 3156 5016 37 33250 0 8344 23500 44 43656 1 4766 7359 23 18187 1 18297 24344 36 38156 1 118734 131844 41 150266 1 8875 12734 66 60297 1 13907 16610 13 27735 0
"207" 0 22.49666667 28266 29672 46 55016 1 32921 40437 17 45171 1 69172 70766 20 77797 1 38453 40578 29 49547 1 7375 33437 44 46047 1 94594 111031 23 120266 1 27218 41406 29 54046 1 23078 32750 39 46156 1 33625 34735 46 53438 1 99203 102515 40 138031 0
"208" 0 18.99666667 23688 25641 52 52688 1 44125 51016 17 58203 1 11234 19250 24 29266 1 9859 13562 27 28281 1 43672 54750 44 66078 1 59454 71907 29 98313 1 31781 38937 47 68468 1 29079 33047 41 61500 1 38688 59063 44 95422 1 36219 42828 47 77656 1
"209" 0 19.99666667 2844 4828 52 23485 1 21781 23406 17 27656 1 1672 8781 22 15797 1 3063 7266 31 14266 1 2656 6296 6 9500 0 6922 16672 23 22485 1 2125 13171 42 23859 1 3532 19844 35 43532 1 8250 10172 44 28516 1 8079 17094 50 31485 1
"210" 0 20.66333333 21875 23250 52 72750 1 25907 28344 19 34235 1 18297 19828 20 37187 1 19437 20406 29 30000 1 44875 54875 44 66407 1 22297 25063 23 34281 1 27969 31484 36 42437 1 21469 24375 39 39813 1 35562 35968 44 57125 1 78891 80485 46 102641 1
"211" 0 20.49666667 6015 21156 46 58546 1 19047 19969 17 24797 1 7281 18109 8 22672 0 95140 97922 33 113781 1 2468 20406 42 29890 1 30156 36875 27 47516 1 2297 40328 59 53062 1 12719 47078 63 102735 1 2453 18281 48 43469 1 19312 28234 48 55375 1
"212" 0 20.58 25968 27156 46 44922 1 16906 18594 17 22687 1 18297 19781 20 25531 1 29235 30860 34 41016 1 6547 11453 42 21125 1 28765 31984 23 39765 1 14437 21359 38 30703 1 10500 15797 39 28328 1 52406 53406 44 67641 1 31078 32766 46 50516 1
"213" 0 19.66333333 34985 36329 46 57797 1 15437 16453 17 21203 1 56172 59687 20 66594 1 14516 15969 27 25563 1 27578 32906 42 42187 1 57406 60266 23 66750 1 59141 62719 36 73282 1 20359 23047 39 35250 1 23875 25109 44 46141 1 15219 17250 46 33500 1
"214" 1 19.99666667 12016 13750 46 28391 1 11765 15687 17 21281 1 6906 7203 4 86234 0 6313 7204 27 14938 1 5953 10813 44 19891 1 8297 10781 25 16437 1 8328 11703 29 20141 1 5891 9672 41 22860 1 4563 11203 46 26219 1 11781 13250 46 28265 1
"215" 0 22.24666667 14984 16937 54 40593 1 2234 31453 21 36875 1 8344 9829 20 18500 1 23391 24578 29 35657 1 18625 46578 52 63968 1 10125 12094 23 19875 1 18609 42406 50 63031 1 11015 12344 39 32156 1 22641 24235 6 47657 0 76172 77125 36 124609 0
"216" 0 21.41333333 23250 24422 46 39828 1 23828 25672 19 30297 1 14344 16266 22 23563 1 12922 14188 27 22250 1 9719 26328 42 35063 1 24515 30297 29 50328 1 16750 19906 36 29437 1 17656 19828 39 32062 1 22281 22796 31 50046 0 12031 103531 46 137109 1
"217" 1 21.49666667 3531 9906 46 28000 1 16500 17500 17 22157 1 12515 18687 20 27937 1 12703 13953 32 23734 1 8656 14797 42 28344 1 6157 18641 23 24719 1 27359 30719 36 41859 1 27859 33421 39 45921 1 8797 9375 46 30469 1 8438 28625 46 54047 1
"218" 0 22.99666667 13657 15219 46 35407 1 41593 42484 19 50047 1 10312 11875 20 18718 1 20516 21641 27 30641 1 17969 28625 46 40954 1 11656 13906 23 20859 1 26750 33437 36 53797 1 20812 23531 39 40625 1 25718 27015 44 45531 1 34719 36922 47 56813 1
"219" 1 22.66333333 1985 5047 52 17781 1 9031 15016 17 18313 1 4094 6500 24 12016 1 1704 11000 39 17532 1 1484 8781 44 16719 1 2219 11906 23 17438 1 5406 10594 36 21938 1 4187 13906 39 24296 1 2188 9688 44 25313 1 3156 7328 46 20735 1
"220" 1 19.74666667 17269 18345 46 35427 1 25553 27066 17 32168 1 94614 94879 2 122741 0 26332 39889 31 50793 1 10389 14976 18 42478 0 49530 51652 27 72837 1 19126 26442 42 36551 1 16131 17800 41 31809 1 16582 17924 46 144971 1 23478 30700 46 49686 1
"221" 1 18.99666667 23478 25053 53 52556 1 7457 8330 17 12261 1 21855 27159 20 36364 1 17877 21294 27 34195 1 30638 36691 42 44928 1 7036 10296 23 16115 1 10031 20795 50 42027 1 3370 5601 6 49218 0 6147 6833 46 34320 1 19672 21513 46 41762 1
"222" 1 20.91333333 10686 11778 46 25225 1 12651 13665 17 18096 1 9391 11107 22 17113 1 6115 10826 27 17285 1 10748 16161 42 22932 1 3947 5647 23 10109 1 7035 9843 46 24476 1 7005 8362 39 16973 1 13993 15038 44 26457 1 6911 8565 46 21903 1
"223" 0 21.74666667 10468 11669 45 31372 1 17566 24227 17 28049 1 13385 14274 22 18439 1 10327 11341 27 17628 1 14696 19391 42 25226 1 15865 22371 23 27363 1 22745 25100 36 34554 1 15553 31028 39 41402 1 12106 13073 44 23650 1 17394 18626 46 29219 1
"224" 0 21.08 72742 74786 45 105518 1 71355 73071 17 81838 1 20217 21621 20 28751 1 6365 57112 33 68032 1 18689 28642 42 41730 1 28392 31746 23 41200 1 56768 59935 24 96189 0 33711 39078 51 156764 1 48141 49405 46 76549 1 10203 76581 48 105581 1
"225" 0 17.91333333 49343 51512 46 87423 1 36597 38469 17 45755 1 24914 28190 20 44710 1 13697 15116 29 31465 1 26489 36395 42 55989 1 90683 94661 23 109918 1 33338 45677 36 70856 1 46441 49218 39 69872 1 33556 35615 44 67829 1 16364 43071 46 77204 1
"226" 1 18.49666667 40592 42089 46 66394 1 68297 71495 17 76299 1 12526 14601 20 27908 1 68063 69155 32 84786 1 19874 26208 42 38360 1 32541 34554 23 41464 1 26052 30155 36 44835 1 20795 22339 39 35537 1 21310 22370 44 70808 1 63180 65052 46 86518 1
"227" 1 21.16333333 3697 7987 50 35224 1 5070 6411 17 11684 1 14961 19095 20 23931 1 16224 21918 29 29656 1 6100 14243 42 23057 1 4118 9391 23 14929 1 18049 21606 42 35755 1 6396 18814 39 29515 1 8986 12979 44 31824 1 23478 25148 48 42807 1
"228" 1 19.58333333 9484 17285 45 32791 1 18876 22277 17 25131 1 11092 13104 20 19048 1 11466 12074 29 19001 1 21684 25818 42 33649 1 13104 14508 23 18517 1 8689 13962 36 22168 1 9672 11122 39 20389 1 22838 23899 46 35630 1 22994 27175 46 38891 1
"229" 1 20.16666667 3541 8314 46 31293 1 36707 39983 17 44257 1 8642 10343 20 21356 1 7222 8361 29 20342 1 40498 97360 42 126423 1 8174 11700 23 18423 1 7144 9952 65 44210 1 5413 6817 16 35334 0 54787 56706 44 104551 1 14149 16598 46 35272 1
"230" 0 21.08333333 7628 10483 46 35006 1 2995 22136 23 26894 1 2902 6209 22 14150 1 5647 7379 29 18190 1 5585 18159 42 34367 1 1638 12636 31 28736 1 8502 17565 38 33649 1 7223 15928 41 31450 1 10577 12917 46 47377 1 7893 41620 53 93007 1
"231" 0 20.75 11794 13229 52 35131 1 52135 54881 19 59498 1 19313 21777 20 31106 1 1638 14212 27 25943 1 6130 13509 44 22885 1 12730 14477 25 21403 1 3510 5382 10 17534 0 19906 21170 39 32917 1 29203 30951 46 51418 1 140946 142881 47 161710 1
"232" 1 19.66666667 4977 34008 48 47658 1 10608 23134 33 26707 1 9641 11216 22 15943 1 6194 6849 27 12075 1 7145 10764 42 17379 1 6771 7972 23 11841 1 21840 24461 45 33290 1 13197 14133 39 21465 1 24850 25506 50 39312 1 16349 17566 46 28938 1
"233" 0 18.66666667 10810 18486 48 36769 1 1825 20670 17 25053 1 14227 15538 20 20561 1 26271 27800 27 35163 1 8830 14446 42 23307 1 14976 16988 23 21902 1 19297 22199 29 36177 1 10701 12402 39 22854 1 27424 28314 44 38578 1 29469 31044 46 48392 1
"234" 1 21.66666667 8378 16115 46 36286 1 18315 19719 17 24523 1 6162 11809 20 18330 1 12012 13993 27 24788 1 23088 38251 44 50653 1 10546 13010 23 19625 1 23197 62322 36 76596 1 17550 19204 39 33727 1 10811 12496 46 32838 1 26676 31855 46 50606 1
"235" 0 18.16666667 5132 7394 45 26504 1 2137 7051 17 11404 1 2137 24352 26 30997 1 2371 9266 33 17972 1 1731 9734 42 20779 1 1935 6225 23 12574 1 1388 13369 50 23338 1 2496 5429 49 48703 0 8939 11373 50 38626 1 13884 25272 50 47237 1
"236" 0 19 12043 14851 48 45099 1 8252 9126 17 16193 1 9141 11279 20 23306 1 11606 13884 27 27409 1 11326 17878 44 32869 1 4977 7910 23 16739 1 9423 12153 56 51855 1 18283 22464 49 64787 1 15117 20390 19 78983 0 9204 89030 48 162818 1
"237" 0 18.83333333 23353 26785 49 58469 1 10982 17082 17 22448 1 8252 11575 20 24055 1 11388 13229 27 25304 1 31995 45505 42 55629 1 11482 14602 23 25631 1 17004 21653 52 55739 1 9188 10998 39 25381 1 20639 36925 50 62072 1 28502 32714 22 82478 0
"238" 0 19.25 4165 10468 48 58094 0 12527 13791 17 20000 1 8065 9687 20 18158 1 11201 12933 29 29625 1 11809 20374 46 82321 0 53384 58064 31 105550 1 28845 34445 49 75754 1 6926 20358 39 37003 1 8144 9485 52 37643 1 40280 43618 32 76815 0
"239" 0 18.08333333 22277 22277 13 58890 0 9423 12901 17 20171 1 5242 81012 24 102836 0 21138 24165 29 38064 1 33290 39249 35 95971 0 58173 68437 27 79935 1 67142 72010 24 186373 0 121214 124240 39 143865 1 53102 53742 46 90527 1 119480 123661 46 153988 1
"240" 1 19.25 13010 16021 45 71058 1 27238 29001 17 34040 1 9282 12792 20 20670 1 16005 16895 27 27097 1 6147 77439 42 87735 1 8159 47486 23 53321 1 12963 26910 36 46238 1 21762 25678 39 42323 1 4165 28283 44 67892 1 12480 19063 46 71885 1
"241" 0 18.91666667 29172 30826 46 49187 1 18720 20639 17 25413 1 31652 33056 20 41324 1 19532 21170 27 31278 1 8408 15350 21 35490 0 31169 33150 23 40030 1 7722 11279 36 22651 1 34413 35848 39 50091 1 13229 14274 44 32776 1 13962 19874 46 36114 1
"242" 0 18.33333333 16911 75021 50 108998 1 36067 38657 17 48423 1 9017 11123 20 17799 1 9563 22370 27 32479 1 9532 25178 42 34460 1 7410 14788 23 20545 1 19453 29593 36 41324 1 15288 27268 39 40201 1 19188 20452 46 50747 1 37971 45287 49 61730 1
"243" 1 19.08333333 89700 95846 45 123958 1 17348 18299 17 22761 1 47424 48672 20 55255 1 17737 25631 27 37362 1 14540 24258 44 37924 1 35115 36972 23 43430 1 34742 38284 36 51512 1 40560 41777 39 68001 1 31621 32947 46 54179 1 81135 83257 46 105752 1
"244" 0 18.25 8362 9812 45 37424 1 16708 18190 17 22012 1 11762 12214 34 47221 0 6973 8658 27 17441 1 25927 30529 42 38766 1 18688 24445 23 31558 1 40685 46644 46 67969 1 28984 30170 39 44007 1 135439 136313 44 184923 1 16474 22604 48 46129 1
"245" 0 19.16666667 33867 35037 45 49982 1 14025 15070 17 19126 1 10327 11762 20 20436 1 105971 106954 27 113662 1 6411 10732 42 20420 1 21528 23244 23 28361 1 33104 36957 36 45303 1 22932 25132 39 37674 1 16396 17488 64 47253 1 50435 51917 46 68609 1
"246" 0 18.58333333 6677 11793 53 32807 1 18408 19719 17 22542 1 9017 10499 20 14649 1 23400 25569 29 32807 1 25132 29578 42 36067 1 11076 13400 23 17721 1 31216 35849 49 48594 1 8877 11154 41 19360 1 2044 19984 58 75411 1 24929 25990 46 43243 1
"247" 0 19.33333333 31293 34928 46 68156 1 21528 23649 17 28532 1 23088 25412 20 33259 1 34694 35864 27 49499 1 47284 53633 42 66768 1 18798 20452 25 29328 1 22417 25818 36 39593 1 32323 33805 39 52665 1 33275 34242 44 57564 1 346103 348755 46 377256 1
"248" 0 18.33333333 42369 43602 54 73960 1 29172 29749 17 33087 1 19406 20327 22 24273 1 69233 78780 39 86096 1 7987 11575 42 18205 1 32588 33852 25 47112 0 18002 20171 40 39265 1 7051 14523 39 21387 1 10702 11388 54 27487 1 24648 26006 46 40249 1
"249" 0 18.91666667 27191 29391 45 48048 1 10640 11872 17 16973 1 18408 20156 20 25647 1 7550 8814 27 18345 1 11700 18190 21 36910 0 6692 8486 23 15257 1 16224 18564 27 165625 0 20265 23915 39 69280 1 16209 17316 46 36317 1 96221 98654 47 130822 1
"250" 0 18.16666667 25288 26536 46 49141 1 1544 2480 47 50809 1 5975 8471 22 14493 1 13323 15413 27 23556 1 14149 17472 25 47565 0 7581 9797 23 15834 1 5585 47424 57 61199 1 8018 9360 15 18860 0 53602 54600 56 76830 1 50810 52245 46 70138 1
"251" 0 19.41666667 14289 21590 48 50590 1 12433 16333 17 19609 1 9001 10499 22 16365 1 12760 14710 29 25334 1 13619 19765 42 27066 1 6957 10062 23 14118 1 19578 22479 61 42713 1 17877 19671 43 30201 1 27861 28985 46 41621 1 42604 49296 39 90324 0
"252" 1 19 1732 36692 46 47705 1 7613 8830 17 11856 1 6505 7551 20 11435 1 7020 8158 27 14242 1 8518 12371 44 19438 1 4353 6053 23 10015 1 13603 15928 47 24991 1 4586 5553 39 13946 1 27815 28548 46 41559 1 14929 16489 47 27643 1
"253" 0 19.33333333 7114 31871 45 51277 1 4883 13198 17 18486 1 9734 11544 20 19812 1 5772 27861 64 106376 0 4899 39858 43 80044 0 28314 34804 25 44460 1 31965 55989 63 85317 1 14134 18502 53 136844 0 59732 61698 46 88218 1 43477 104785 52 159167 0
"254" 0 20.25 7004 8939 52 35973 1 10561 12948 17 16692 1 7956 9391 20 15539 1 9766 10670 29 18486 1 1903 10545 42 18392 1 4322 7878 23 13104 1 12184 20686 49 36910 1 13931 15054 39 26036 1 8517 16349 46 44039 1 33165 34772 46 51417 1
"255" 0 19 11591 13884 47 45022 1 3837 6692 7 26894 0 6349 6989 11 26957 0 14804 16708 18 40607 0 23447 45068 36 83023 0 25210 33244 19 51699 0 11528 15116 28 49514 0 13135 14805 15 34149 0 43820 46472 5 59467 0 24866 28454 12 40373 0
"256" 1 19 21263 34944 47 50357 1 30670 31668 17 35350 1 1388 9313 20 14726 1 17675 27425 38 58906 0 13884 62728 72 73258 1 72977 75395 23 80871 1 53477 56441 36 64209 1 64007 65333 39 78265 1 8830 11872 48 42058 1 41372 42526 46 64959 1
"257" 0 18.91666667 21621 23992 45 57486 1 43103 44070 17 48095 1 10889 13556 24 26910 1 12168 13370 27 23322 1 9141 15366 56 33134 1 33696 35256 25 44101 1 13447 17815 49 34398 1 15569 17222 39 31652 1 5647 7114 44 44024 1 32589 34086 46 51387 1
"258" 0 18.58333333 32963 34725 48 58094 1 9984 13167 17 19469 1 24820 28377 20 35257 1 14929 16224 27 27597 1 32043 41839 42 52759 1 40326 69170 23 77438 1 22012 25678 36 40139 1 13587 14976 39 28969 1 18330 19407 44 38470 1 49406 51059 46 81183 1
"259" 0 19.08333333 2824 4602 46 16318 1 12293 13244 17 16957 1 8252 9610 20 14914 1 4337 5772 27 12854 1 24586 27674 59 57798 0 11684 13057 25 17800 1 18018 50045 65 59187 1 7457 9345 39 18642 1 18080 20826 44 32791 1 47112 48470 47 71043 1
"260" 1 18.5 20483 21934 45 40342 1 22214 23306 17 27081 1 12324 16708 22 23026 1 11435 13447 32 33556 1 25241 37440 42 46082 1 20233 22573 23 28486 1 15397 25085 44 41059 1 17722 28439 39 39047 1 16988 18049 44 44319 1 18143 19718 46 49296 1
"261" 1 19.41666667 36582 41121 52 55068 1 9938 12574 17 15195 1 16551 17752 20 21340 1 16629 17269 29 22448 1 4805 11185 42 16754 1 10405 11809 25 15584 1 22792 24804 65 35803 1 12059 13868 39 20545 1 28876 29546 44 42650 1 24243 26083 46 39125 1
"262" 1 19.25 3635 8018 46 34539 1 7956 14181 17 18907 1 9735 13572 24 23509 1 4898 5788 27 15257 1 17862 43758 42 54631 1 5913 7941 25 14805 1 14196 22324 49 41012 1 13276 44601 39 58235 1 13323 14727 48 37752 1 14789 16208 46 38360 1
"263" 0 18.25 6662 9594 50 37707 1 16630 17472 17 22839 1 14259 15834 20 25054 1 9204 10717 27 21731 1 8970 10265 24 32541 0 2886 4914 25 14150 1 34305 38049 45 53368 1 19875 21388 39 35085 1 12807 14242 46 35147 1 53758 55692 46 78842 1
"264" 0 19.66666667 5944 8300 45 36692 1 60092 61230 45 80980 1 7067 10623 22 16489 1 12636 14259 27 22839 1 9484 15132 44 24944 1 17504 19719 23 24695 1 8034 10920 51 26426 1 1482 8190 39 23696 1 6942 8222 66 43103 1 6240 8315 11 37861 0
"265" 0 19.08333333 6427 9376 56 39219 1 4383 21762 17 26754 1 5616 7176 20 12839 1 7317 9204 27 18876 1 1560 19407 42 28455 1 6022 8503 23 14477 1 11684 15506 53 33524 1 8487 10983 39 22511 1 10764 33119 48 46535 1 15195 16973 46 36286 1
"266" 1 19 33274 34959 45 55660 1 21809 23354 17 28393 1 13089 17753 20 26489 1 11497 12823 27 22791 1 31325 36536 44 47300 1 25647 47970 35 54148 1 45770 48765 29 67595 1 20529 22230 39 35646 1 71261 92960 29 115222 0 43337 47705 34 84412 0
